0 1
3 4
5 6
6 7
8 9
11 12
12 13
16 17
17 18
19 20
22 23
24 25
26 27
28 29
30 31
33 34
35 36
36 37
39 40
40 41
43 44
44 45
46 47
50 51
52 53
54 55
55 56
58 59
60 61
61 62
63 64
65 66
68 69
71 72
73 74
74 75
77 78
79 80
80 81
83 84
85 86
88 89
90 91
91 92
93 94
96 97
97 98
101 102
103 104
105 106
107 108
108 109
110 111
112 113
114 115
116 117
120 121
121 122
124 125
126 127
128 129
130 131
131 132
135 136
136 137
138 139
141 142
142 143
144 145
146 147
149 150
150 151
153 154
155 156
158 159
159 160
161 162
163 164
166 167
